   1 0   
   2.1700000000000000e+02   2.3000000000000000e+01
   0.0000000000000000e+00   0.0000000000000000e+00
   0.0000000000000000e+00   0.0000000000000000e+00
   0.0000000000000000e+00   2.9728368000000000e+14
   1.5000000000000000e-06   2.9615526000000000e+14
   3.1000000000000000e-06   2.9264916000000000e+14
   4.7999999999999998e-06   2.8670043000000000e+14
   6.7000000000000002e-06   2.7776244000000000e+14
   8.6999999999999997e-06   2.6614914000000000e+14
   1.0900000000000001e-05   2.5120990000000000e+14
   1.3400000000000000e-05   2.3201534000000000e+14
   1.6200000000000001e-05   2.0838115000000000e+14
   1.9800000000000000e-05   1.7576247000000000e+14
   2.9000000000000000e-05   8.9149789000000000e+13
   3.2499999999999997e-05   5.7617140000000000e+13
   3.5400000000000000e-05   3.2923108000000000e+13
   3.8000000000000002e-05   1.2173182000000000e+13
   4.0399999999999999e-05  -5.6437444000000000e+12
   4.2700000000000001e-05  -2.1400312000000000e+13
   4.4900000000000000e-05  -3.5188474000000000e+13
   4.6999999999999997e-05  -4.7130283000000000e+13
   4.9100000000000001e-05  -5.7849661000000000e+13
   5.1100000000000002e-05  -6.6906586000000000e+13
   5.3100000000000003e-05  -7.4835820000000000e+13
   5.5099999999999998e-05  -8.1643715000000000e+13
   5.7000000000000003e-05  -8.7086667000000000e+13
   5.8900000000000002e-05  -9.1552075000000000e+13
   6.0800000000000001e-05  -9.5066729000000000e+13
   6.2700000000000006e-05  -9.7663142000000000e+13
   6.4599999999999998e-05  -9.9378939000000000e+13
   6.6500000000000004e-05  -1.0025627000000000e+14
   6.8399999999999996e-05  -1.0034118000000000e+14
   7.0300000000000001e-05  -9.9683069000000000e+13
   7.2299999999999996e-05  -9.8244906000000000e+13
   7.4400000000000006e-05  -9.5980268000000000e+13
   7.6600000000000005e-05  -9.2859916000000000e+13
   7.8899999999999993e-05  -8.8874390000000000e+13
   8.1299999999999997e-05  -8.4036286000000000e+13
   8.3999999999999995e-05  -7.7906419000000000e+13
   8.7100000000000003e-05  -7.0173566000000000e+13
   9.1000000000000003e-05  -5.9739809000000000e+13
   9.9699999999999998e-05  -3.5702575000000000e+13
   1.0320000000000000e-04  -2.6454450000000000e+13
   1.0610000000000000e-04  -1.9217755000000000e+13
   1.0860000000000000e-04  -1.3371506000000000e+13
   1.1090000000000000e-04  -8.3620522000000000e+12
   1.1310000000000000e-04  -3.9335902000000000e+12
   1.1519999999999999e-04  -5.9819700000000000e+10
   1.1720000000000000e-04   3.2938377000000000e+12
   1.1909999999999999e-04   6.1673491000000000e+12
   1.2090000000000000e-04   8.6037243000000000e+12
   1.2270000000000000e-04   1.0759548000000000e+13
   1.2439999999999999e-04   1.2537811000000000e+13
   1.2610000000000000e-04   1.4067145000000000e+13
   1.2769999999999999e-04   1.5281787000000000e+13
   1.2930000000000000e-04   1.6282199000000000e+13
   1.3090000000000001e-04   1.7073044000000000e+13
   1.3239999999999999e-04   1.7629110000000000e+13
   1.3390000000000000e-04   1.8011229000000000e+13
   1.3540000000000001e-04   1.8225339000000000e+13
   1.3679999999999999e-04   1.8279317000000000e+13
   1.3820000000000000e-04   1.8198267000000000e+13
   1.3970000000000001e-04   1.7968429000000000e+13
   1.4119999999999999e-04   1.7598270000000000e+13
   1.4280000000000000e-04   1.7057916000000000e+13
   1.4440000000000001e-04   1.6377343000000000e+13
   1.4610000000000000e-04   1.5512334000000000e+13
   1.4789999999999999e-04   1.4451103000000000e+13
   1.4980000000000001e-04   1.3185533000000000e+13
   1.5190000000000001e-04   1.1634737000000000e+13
   1.5420000000000001e-04   9.7814813000000000e+12
   1.5689999999999999e-04   7.4416058000000000e+12
   1.6029999999999999e-04   4.3172168000000000e+12
   1.6950000000000000e-04  -4.4292795000000000e+12
   1.7300000000000000e-04  -7.6184257000000000e+12
   1.7600000000000000e-04  -1.0201181000000000e+13
   1.7870000000000001e-04  -1.2373333000000000e+13
   1.8129999999999999e-04  -1.4306265000000000e+13
   1.8380000000000000e-04  -1.6002103000000000e+13
   1.8620000000000000e-04  -1.7468925000000000e+13
   1.8860000000000000e-04  -1.8769996000000000e+13
   1.9100000000000001e-04  -1.9900067000000000e+13
   1.9340000000000001e-04  -2.0856255000000000e+13
   1.9579999999999999e-04  -2.1637903000000000e+13
   1.9819999999999999e-04  -2.2246429000000000e+13
   2.0060000000000000e-04  -2.2685155000000000e+13
   2.0310000000000000e-04  -2.2967064000000000e+13
   2.0570000000000001e-04  -2.3078690000000000e+13
   2.0840000000000000e-04  -2.3009533000000000e+13
   2.1110000000000001e-04  -2.2764888000000000e+13
   2.1390000000000000e-04  -2.2341555000000000e+13
   2.1689999999999999e-04  -2.1716197000000000e+13
   2.2000000000000001e-04  -2.0907095000000000e+13
   2.2340000000000001e-04  -1.9859850000000000e+13
   2.2719999999999999e-04  -1.8532745000000000e+13
   2.3190000000000000e-04  -1.6730665000000000e+13
   2.4499999999999999e-04  -1.1422668000000000e+13
   2.4960000000000000e-04  -9.6569110000000000e+12
   2.5339999999999998e-04  -8.2935839000000000e+12
   2.5680000000000001e-04  -7.1632933000000000e+12
   2.5999999999999998e-04  -6.1857838000000000e+12
   2.6300000000000000e-04  -5.3503444000000000e+12
   2.6590000000000001e-04  -4.6197616000000000e+12
   2.6870000000000003e-04  -3.9870183000000000e+12
   2.7139999999999998e-04  -3.4440739000000000e+12
   2.7409999999999999e-04  -2.9657868000000000e+12
   2.7670000000000000e-04  -2.5643549000000000e+12
   2.7930000000000001e-04  -2.2184212000000000e+12
   2.8180000000000002e-04  -1.9353333000000000e+12
   2.8430000000000003e-04  -1.6977350000000000e+12
   2.8679999999999998e-04  -1.5022969000000000e+12
   2.8919999999999998e-04  -1.3510498000000000e+12
   2.9159999999999999e-04  -1.2321201000000000e+12
   2.9399999999999999e-04  -1.1421618000000000e+12
   2.9629999999999999e-04  -1.0800154000000000e+12
   2.9859999999999999e-04  -1.0384218000000000e+12
   3.0079999999999999e-04  -1.0151857000000000e+12
   3.0289999999999999e-04  -1.0057860000000000e+12
   3.0479999999999998e-04  -1.0062686000000000e+12
   3.0689999999999998e-04  -1.0148897000000000e+12
   3.0939999999999999e-04  -1.0336703000000000e+12
   3.1280000000000001e-04  -1.0689669000000000e+12
   3.2019999999999998e-04  -1.1552639000000000e+12
   3.2360000000000001e-04  -1.1873699000000000e+12
   3.2660000000000002e-04  -1.2070699000000000e+12
   3.2929999999999998e-04  -1.2160940000000000e+12
   3.3189999999999999e-04  -1.2159113000000000e+12
   3.3440000000000000e-04  -1.2068827000000000e+12
   3.3690000000000000e-04  -1.1888115000000000e+12
   3.3940000000000001e-04  -1.1615658000000000e+12
   3.4190000000000002e-04  -1.1252197000000000e+12
   3.4440000000000002e-04  -1.0800332000000000e+12
   3.4699999999999998e-04  -1.0241210000000000e+12
   3.4969999999999999e-04  -9.5711936000000000e+11
   3.5250000000000000e-04  -8.7895323000000000e+11
   3.5550000000000002e-04  -7.8667614000000000e+11
   3.5890000000000000e-04  -6.7335576000000000e+11
   3.6299999999999999e-04  -5.2768052000000000e+11
   3.7439999999999999e-04  -1.0618783000000000e+11
   3.7829999999999998e-04   3.1819042000000000e+10
   3.8160000000000001e-04   1.4212985000000000e+11
   3.8460000000000002e-04   2.3581140000000000e+11
   3.8739999999999998e-04   3.1661471000000000e+11
   3.8999999999999999e-04   3.8526468000000000e+11
   3.9250000000000000e-04   4.4502379000000000e+11
   3.9490000000000000e-04   4.9631017000000000e+11
   3.9730000000000001e-04   5.4140949000000000e+11
   3.9960000000000001e-04   5.7867878000000000e+11
   4.0190000000000001e-04   6.1004200000000000e+11
   4.0420000000000001e-04   6.3547267000000000e+11
   4.0640000000000001e-04   6.5426838000000000e+11
   4.0860000000000001e-04   6.6772013000000000e+11
   4.1080000000000001e-04   6.7592677000000000e+11
   4.1310000000000001e-04   6.7904274000000000e+11
   4.1540000000000001e-04   6.7675856000000000e+11
   4.1770000000000002e-04   6.6929410000000000e+11
   4.2010000000000002e-04   6.5625078000000000e+11
   4.2260000000000003e-04   6.3728791000000000e+11
   4.2519999999999998e-04   6.1214786000000000e+11
   4.2800000000000000e-04   5.7940431000000000e+11
   4.3100000000000001e-04   5.3844559000000000e+11
   4.3419999999999998e-04   4.8886693000000000e+11
   4.3770000000000001e-04   4.2871952000000000e+11
   4.4170000000000000e-04   3.5385503000000000e+11
   4.4660000000000001e-04   2.5559632000000000e+11
   4.5429999999999998e-04   9.3075854000000000e+10
   4.6430000000000001e-04  -1.1917984000000000e+11
   4.7050000000000000e-04  -2.4509133000000000e+11
   4.7600000000000002e-04  -3.5054214000000000e+11
   4.8119999999999999e-04  -4.4372426000000000e+11
   4.8630000000000000e-04  -5.2837598000000000e+11
   4.9140000000000002e-04  -6.0609873000000000e+11
   4.9660000000000004e-04  -6.7820088000000000e+11
   5.0190000000000000e-04  -7.4445889000000000e+11
   5.0739999999999997e-04  -8.0586906000000000e+11
   5.1320000000000001e-04  -8.6305878000000000e+11
   5.1929999999999999e-04  -9.1550668000000000e+11
   5.2579999999999999e-04  -9.6351977000000000e+11
   5.3269999999999999e-04  -1.0064936000000000e+12
   5.4009999999999996e-04  -1.0443664000000000e+12
   5.4790000000000004e-04  -1.0759659000000000e+12
   5.5610000000000002e-04  -1.1007497000000000e+12
   5.6470000000000001e-04  -1.1180914000000000e+12
   5.7359999999999996e-04  -1.1272451000000000e+12
   5.8290000000000002e-04  -1.1277732000000000e+12
   5.9250000000000004e-04  -1.1192368000000000e+12
   6.0260000000000001e-04  -1.1011218000000000e+12
   6.1350000000000000e-04  -1.0722764000000000e+12
   6.2569999999999998e-04  -1.0304289000000000e+12
   6.4019999999999995e-04  -9.7075277000000000e+11
   6.6169999999999998e-04  -8.7065357000000000e+11
   6.9189999999999996e-04  -7.2717021000000000e+11
   7.0969999999999996e-04  -6.5046984000000000e+11
   7.2550000000000002e-04  -5.9094766000000000e+11
   7.4069999999999995e-04  -5.4254160000000000e+11
   7.5610000000000000e-04  -5.0260102000000000e+11
   7.7220000000000001e-04  -4.7007065000000000e+11
   7.8989999999999996e-04  -4.4377452000000000e+11
   8.1010000000000001e-04  -4.2345582000000000e+11
   8.3460000000000001e-04  -4.0883162000000000e+11
   8.6839999999999997e-04  -3.9958961000000000e+11
   9.4180000000000002e-04  -3.8873023000000000e+11
   9.8780000000000005e-04  -3.7288857000000000e+11
   1.0644999999999999e-03  -3.3319910000000000e+11
   1.1460999999999999e-03  -2.9151703000000000e+11
   1.2194000000000000e-03  -2.6344226000000000e+11
   1.3297999999999999e-03  -2.3303860000000000e+11
   1.5135999999999999e-03  -1.9298473000000000e+11
   1.6925000000000000e-03  -1.6344770000000000e+11
   1.9279000000000000e-03  -1.3496788000000000e+11
   2.2219000000000002e-03  -1.0958066000000000e+11
   2.6053000000000001e-03  -8.6843511000000000e+10
   3.1213999999999999e-03  -6.6811238000000000e+10
   3.8471999999999998e-03  -4.9480711000000000e+10
   4.9299000000000001e-03  -3.4847342000000000e+10
   6.6861999999999998e-03  -2.2903446000000000e+10
   9.9275000000000006e-03  -1.3631267000000000e+10
   1.7420300000000000e-02  -6.9839900000000000e+09
   2.4999899999999999e-02  -4.7931698000000000e+09
   2.5000000000000001e-02  -1.1644149000000000e+09
   0.0000000000000000e+00   0.0000000000000000e+00
   9.9999999999999995e-07  -1.1772720000000001e+00
   6.0000000000000002e-06  -2.8837157000000002e+00
   2.0000000000000002e-05  -5.2649204000000003e+00
   5.1000000000000000e-05  -8.4074036999999997e+00
   1.0900000000000001e-04  -1.2291079999999999e+01
   2.0699999999999999e-04  -1.6937995000000001e+01
   3.6000000000000002e-04  -2.2337166000000000e+01
   5.8500000000000002e-04  -2.8474411000000000e+01
   9.0200000000000002e-04  -3.5357380999999997e+01
   1.3330000000000000e-03  -4.2982522000000003e+01
   1.9030000000000000e-03  -5.1356592999999997e+01
   2.6389999999999999e-03  -6.0477873000000002e+01
   3.5699999999999998e-03  -7.0341385000000002e+01
   4.7280000000000004e-03  -8.0949755999999994e+01
   6.1469999999999997e-03  -9.2301427000000004e+01
   7.8639999999999995e-03  -1.0439953000000000e+02
   9.9179999999999997e-03  -1.1724352000000000e+02
   1.2350000000000000e-02  -1.3083089000000001e+02
   1.5204000000000001e-02  -1.4516293999999999e+02
   1.8526000000000001e-02  -1.6023878999999999e+02
   2.2364999999999999e-02  -1.7606022999999999e+02
   2.5000000000000001e-02  -1.8613932000000000e+02
