   1 0   
   2.1600000000000000e+02   2.3000000000000000e+01
   2.5276599999999999e+02   0.0000000000000000e+00
   0.0000000000000000e+00   0.0000000000000000e+00
   0.0000000000000000e+00   1.9308769000000000e+16
   1.3999999999999999e-06   1.9236551000000000e+16
   2.9000000000000002e-06   1.9009537000000000e+16
   4.5000000000000001e-06   1.8619942000000000e+16
   6.1999999999999999e-06   1.8063795000000000e+16
   8.1000000000000004e-06   1.7294971000000000e+16
   1.0100000000000000e-05   1.6345371000000000e+16
   1.2400000000000000e-05   1.5108804000000000e+16
   1.5000000000000000e-05   1.3566970000000000e+16
   1.8199999999999999e-05   1.1523643000000000e+16
   2.7800000000000001e-05   5.1014073000000000e+15
   3.1099999999999997e-05   2.9916173000000000e+15
   3.3899999999999997e-05   1.3021766000000000e+15
   3.6399999999999997e-05  -1.0854692000000000e+14
   3.8699999999999999e-05  -1.3133307000000000e+15
   4.0899999999999998e-05  -2.3745992000000000e+15
   4.3000000000000002e-05  -3.2994297000000000e+15
   4.5000000000000003e-05  -4.0969177000000000e+15
   4.6999999999999997e-05  -4.8111279000000000e+15
   4.8900000000000003e-05  -5.4115312000000000e+15
   5.0800000000000002e-05  -5.9356546000000000e+15
   5.2700000000000000e-05  -6.3839778000000000e+15
   5.4599999999999999e-05  -6.7575865000000000e+15
   5.6499999999999998e-05  -7.0581208000000000e+15
   5.8400000000000003e-05  -7.2877246000000000e+15
   6.0300000000000002e-05  -7.4489932000000000e+15
   6.2199999999999994e-05  -7.5449218000000000e+15
   6.4100000000000000e-05  -7.5788531000000000e+15
   6.6000000000000005e-05  -7.5544266000000000e+15
   6.7999999999999999e-05  -7.4699434000000000e+15
   6.9999999999999994e-05  -7.3298735000000000e+15
   7.2100000000000004e-05  -7.1283927000000000e+15
   7.4300000000000004e-05  -6.8638436000000000e+15
   7.6699999999999994e-05  -6.5207699000000000e+15
   7.9300000000000003e-05  -6.0950074000000000e+15
   8.2200000000000006e-05  -5.5670944000000000e+15
   8.5599999999999994e-05  -4.8965422000000000e+15
   9.1100000000000005e-05  -3.7495453000000000e+15
   9.6600000000000003e-05  -2.6006994000000000e+15
   1.0009999999999999e-04  -1.9023164000000000e+15
   1.0300000000000000e-04  -1.3562359000000000e+15
   1.0560000000000001e-04  -8.9800311000000000e+14
   1.0800000000000000e-04  -5.0506763000000000e+14
   1.1030000000000000e-04  -1.5804452000000000e+14
   1.1239999999999999e-04   1.3203936000000000e+14
   1.1450000000000000e-04   3.9557273000000000e+14
   1.1650000000000000e-04   6.2128743000000000e+14
   1.1840000000000000e-04   8.1261019000000000e+14
   1.2030000000000000e-04   9.8137169000000000e+14
   1.2210000000000001e-04   1.1205639000000000e+15
   1.2390000000000000e-04   1.2398909000000000e+15
   1.2569999999999999e-04   1.3397390000000000e+15
   1.2740000000000001e-04   1.4166058000000000e+15
   1.2909999999999999e-04   1.4770547000000000e+15
   1.3080000000000001e-04   1.5216706000000000e+15
   1.3250000000000000e-04   1.5511053000000000e+15
   1.3410000000000001e-04   1.5655763000000000e+15
   1.3569999999999999e-04   1.5678627000000000e+15
   1.3730000000000000e-04   1.5586320000000000e+15
   1.3899999999999999e-04   1.5369841000000000e+15
   1.4080000000000001e-04   1.5017076000000000e+15
   1.4260000000000000e-04   1.4547541000000000e+15
   1.4449999999999999e-04   1.3937048000000000e+15
   1.4650000000000001e-04   1.3180664000000000e+15
   1.4870000000000001e-04   1.2231241000000000e+15
   1.5109999999999999e-04   1.1077463000000000e+15
   1.5380000000000000e-04   9.6622469000000000e+14
   1.5710000000000000e-04   7.8118236000000000e+14
   1.6720000000000000e-04   1.8896735000000000e+14
   1.7070000000000000e-04  -7.3697998000000000e+12
   1.7359999999999999e-04  -1.6100895000000000e+14
   1.7630000000000000e-04  -2.9476932000000000e+14
   1.7880000000000001e-04  -4.0944536000000000e+14
   1.8120000000000001e-04  -5.1042524000000000e+14
   1.8349999999999999e-04  -5.9828421000000000e+14
   1.8569999999999999e-04  -6.7381682000000000e+14
   1.8789999999999999e-04  -7.4082031000000000e+14
   1.9010000000000001e-04  -7.9918973000000000e+14
   1.9230000000000001e-04  -8.4891572000000000e+14
   1.9450000000000001e-04  -8.9007742000000000e+14
   1.9670000000000001e-04  -9.2283480000000000e+14
   1.9890000000000001e-04  -9.4742083000000000e+14
   2.0110000000000001e-04  -9.6413354000000000e+14
   2.0340000000000001e-04  -9.7357370000000000e+14
   2.0570000000000001e-04  -9.7525988000000000e+14
   2.0809999999999999e-04  -9.6930623000000000e+14
   2.1049999999999999e-04  -9.5609373000000000e+14
   2.1300000000000000e-04  -9.3532562000000000e+14
   2.1570000000000001e-04  -9.0575102000000000e+14
   2.1850000000000000e-04  -8.6828511000000000e+14
   2.2159999999999999e-04  -8.2006845000000000e+14
   2.2510000000000000e-04  -7.5893890000000000e+14
   2.2929999999999999e-04  -6.7903109000000000e+14
   2.4110000000000001e-04  -4.4280835000000000e+14
   2.4520000000000000e-04  -3.6460539000000000e+14
   2.4860000000000003e-04  -3.0359530000000000e+14
   2.5159999999999999e-04  -2.5334286000000000e+14
   2.5440000000000000e-04  -2.0986285000000000e+14
   2.5700000000000001e-04  -1.7268030000000000e+14
   2.5940000000000002e-04  -1.4121696000000000e+14
   2.6170000000000002e-04  -1.1371035000000000e+14
   2.6390000000000002e-04  -8.9852954000000000e+13
   2.6600000000000001e-04  -6.9320486000000000e+13
   2.6810000000000001e-04  -5.0959208000000000e+13
   2.7010000000000001e-04  -3.5459483000000000e+13
   2.7200000000000000e-04  -2.2490914000000000e+13
   2.7389999999999999e-04  -1.1186105000000000e+13
   2.7569999999999998e-04  -1.9610661000000000e+12
   2.7740000000000002e-04   5.4736789000000000e+12
   2.7910000000000001e-04   1.1717245000000000e+13
   2.8069999999999999e-04   1.6552742000000000e+13
   2.8219999999999997e-04   2.0211730000000000e+13
   2.8360000000000001e-04   2.2899601000000000e+13
   2.8499999999999999e-04   2.4919854000000000e+13
   2.8630000000000002e-04   2.6228195000000000e+13
   2.8739999999999999e-04   2.6929752000000000e+13
   2.8840000000000002e-04   2.7260413000000000e+13
   2.8929999999999998e-04   2.7319103000000000e+13
   2.9020000000000001e-04   2.7161400000000000e+13
   2.9109999999999997e-04   2.6796913000000000e+13
   2.9210000000000000e-04   2.6161092000000000e+13
   2.9310000000000002e-04   2.5295025000000000e+13
   2.9409999999999999e-04   2.4211847000000000e+13
   2.9520000000000002e-04   2.2785184000000000e+13
   2.9639999999999999e-04   2.0967540000000000e+13
   2.9760000000000002e-04   1.8898819000000000e+13
   2.9890000000000000e-04   1.6399761000000000e+13
   3.0029999999999998e-04   1.3439061000000000e+13
   3.0190000000000002e-04   9.7552234000000000e+12
   3.0370000000000001e-04   5.2862025000000000e+12
   3.0580000000000001e-04  -2.7639561000000000e+11
   3.0840000000000002e-04  -7.5398232000000000e+12
   3.1399999999999999e-04  -2.3814099000000000e+13
   3.1780000000000003e-04  -3.4720102000000000e+13
   3.2069999999999999e-04  -4.2670780000000000e+13
   3.2330000000000000e-04  -4.9389081000000000e+13
   3.2580000000000000e-04  -5.5397393000000000e+13
   3.2820000000000001e-04  -6.0687893000000000e+13
   3.3050000000000001e-04  -6.5276181000000000e+13
   3.3280000000000001e-04  -6.9361840000000000e+13
   3.3510000000000001e-04  -7.2923114000000000e+13
   3.3740000000000002e-04  -7.5946571000000000e+13
   3.3970000000000002e-04  -7.8426563000000000e+13
   3.4210000000000002e-04  -8.0436729000000000e+13
   3.4450000000000003e-04  -8.1866333000000000e+13
   3.4699999999999998e-04  -8.2755991000000000e+13
   3.4959999999999999e-04  -8.3059844000000000e+13
   3.5230000000000000e-04  -8.2743410000000000e+13
   3.5510000000000001e-04  -8.1785823000000000e+13
   3.5799999999999997e-04  -8.0181818000000000e+13
   3.6110000000000000e-04  -7.7859554000000000e+13
   3.6440000000000002e-04  -7.4800560000000000e+13
   3.6810000000000000e-04  -7.0792458000000000e+13
   3.7260000000000000e-04  -6.5323852000000000e+13
   3.8120000000000000e-04  -5.4041054000000000e+13
   3.8699999999999997e-04  -4.6551382000000000e+13
   3.9120000000000002e-04  -4.1495020000000000e+13
   3.9480000000000000e-04  -3.7524895000000000e+13
   3.9800000000000002e-04  -3.4335993000000000e+13
   4.0099999999999999e-04  -3.1671055000000000e+13
   4.0380000000000000e-04  -2.9487177000000000e+13
   4.0650000000000001e-04  -2.7670299000000000e+13
   4.0910000000000002e-04  -2.6194629000000000e+13
   4.1159999999999998e-04  -2.5030673000000000e+13
   4.1409999999999998e-04  -2.4115009000000000e+13
   4.1649999999999999e-04  -2.3465498000000000e+13
   4.1889999999999999e-04  -2.3034708000000000e+13
   4.2119999999999999e-04  -2.2819762000000000e+13
   4.2349999999999999e-04  -2.2789938000000000e+13
   4.2590000000000000e-04  -2.2945692000000000e+13
   4.2840000000000000e-04  -2.3297846000000000e+13
   4.3110000000000002e-04  -2.3878704000000000e+13
   4.3399999999999998e-04  -2.4712048000000000e+13
   4.3720000000000000e-04  -2.5852624000000000e+13
   4.4079999999999998e-04  -2.7369293000000000e+13
   4.4499999999999997e-04  -2.9384552000000000e+13
   4.5070000000000000e-04  -3.2405099000000000e+13
   4.6400000000000000e-04  -3.9772661000000000e+13
   4.7009999999999999e-04  -4.2899293000000000e+13
   4.7550000000000001e-04  -4.5380395000000000e+13
   4.8069999999999997e-04  -4.7456527000000000e+13
   4.8579999999999999e-04  -4.9162821000000000e+13
   4.9100000000000001e-04  -5.0552752000000000e+13
   4.9640000000000003e-04  -5.1624918000000000e+13
   5.0210000000000001e-04  -5.2365889000000000e+13
   5.0819999999999999e-04  -5.2753604000000000e+13
   5.1500000000000005e-04  -5.2758672000000000e+13
   5.2280000000000002e-04  -5.2318351000000000e+13
   5.3249999999999999e-04  -5.1296849000000000e+13
   5.4799999999999998e-04  -4.9093088000000000e+13
   5.7580000000000001e-04  -4.4955979000000000e+13
   6.1320000000000005e-04  -4.0048047000000000e+13
   6.7960000000000004e-04  -3.1178842000000000e+13
   7.0100000000000002e-04  -2.8693377000000000e+13
   7.2079999999999996e-04  -2.6805575000000000e+13
   7.4140000000000002e-04  -2.5275626000000000e+13
   7.6530000000000001e-04  -2.3961835000000000e+13
   7.9779999999999998e-04  -2.2683090000000000e+13
   8.5389999999999999e-04  -2.1051357000000000e+13
   1.0815000000000000e-03  -1.5431543000000000e+13
   1.1727000000000000e-03  -1.3584825000000000e+13
   1.2786000000000000e-03  -1.1908964000000000e+13
   1.4117000000000001e-03  -1.0277667000000000e+13
   1.5734000000000000e-03  -8.7615509000000000e+12
   1.7773000000000001e-03  -7.3283389000000000e+12
   2.0278000000000002e-03  -6.0333215000000000e+12
   2.3444999999999998e-03  -4.8772526000000000e+12
   2.7618999999999999e-03  -3.8409795000000000e+12
   3.3281999999999999e-03  -2.9325911000000000e+12
   4.1340999999999999e-03  -2.1505859000000000e+12
   5.3562999999999996e-03  -1.4946694000000000e+12
   7.3879000000000002e-03  -9.6440914000000000e+11
   1.1290100000000001e-02  -5.5874739000000000e+11
   2.1033900000000001e-02  -2.7479219000000000e+11
   2.4999899999999999e-02  -2.3079213000000000e+11
   2.5000000000000001e-02  -1.1644149000000000e+10
   0.0000000000000000e+00   0.0000000000000000e+00
   9.9999999999999995e-07  -4.6341624000000003e+01
   6.0000000000000002e-06  -1.1351333000000000e+02
   2.0000000000000002e-05  -2.0724603999999999e+02
   5.1000000000000000e-05  -3.3094538000000000e+02
   1.0900000000000001e-04  -4.8382074999999998e+02
   2.0699999999999999e-04  -6.6673986000000002e+02
   3.6000000000000002e-04  -8.7927048000000002e+02
   5.8500000000000002e-04  -1.1208543000000000e+03
   9.0200000000000002e-04  -1.3917926000000000e+03
   1.3330000000000000e-03  -1.6919453000000001e+03
   1.9030000000000000e-03  -2.0215786000000001e+03
   2.6389999999999999e-03  -2.3806246999999998e+03
   3.5699999999999998e-03  -2.7688877000000002e+03
   4.7280000000000004e-03  -3.1864710000000000e+03
   6.1469999999999997e-03  -3.6333132999999998e+03
   7.8639999999999995e-03  -4.1095379000000003e+03
   9.9179999999999997e-03  -4.6151230999999998e+03
   1.2350000000000000e-02  -5.1499703000000000e+03
   1.5204000000000001e-02  -5.7141306999999997e+03
   1.8526000000000001e-02  -6.3075699000000004e+03
   2.2364999999999999e-02  -6.9303584000000001e+03
   2.5000000000000001e-02  -7.3271075000000001e+03
